114.0,0.0,255.0,255.0
302.0,29.0,226.0,226.0
645.0,37.0,218.0,218.0
720.0,44.0,211.0,211.0
406.0,44.0,211.0,211.0
201.0,44.0,211.0,211.0
606.0,48.0,207.0,207.0
168.0,48.0,207.0,207.0
741.0,50.0,205.0,205.0
648.0,53.0,202.0,202.0
138.0,54.0,201.0,201.0
291.0,57.0,198.0,198.0
771.0,58.0,197.0,197.0
780.0,61.0,194.0,194.0
245.0,68.0,187.0,187.0
93.0,69.0,186.0,186.0
788.0,70.0,185.0,185.0
722.0,72.0,183.0,183.0
482.0,73.0,182.0,182.0
484.0,74.0,181.0,181.0
169.0,75.0,180.0,180.0
94.0,76.0,179.0,179.0
644.0,76.0,179.0,179.0
659.0,78.0,177.0,177.0
204.0,79.0,176.0,176.0
223.0,79.0,176.0,176.0
633.0,80.0,175.0,175.0
570.0,80.0,175.0,175.0
321.0,80.0,175.0,175.0
186.0,82.0,173.0,173.0
658.0,83.0,172.0,172.0
525.0,83.0,172.0,172.0
571.0,83.0,172.0,172.0
673.0,85.0,170.0,170.0
491.0,86.0,169.0,169.0
243.0,86.0,169.0,169.0
764.0,87.0,168.0,168.0
313.0,88.0,167.0,167.0
0.0,88.0,167.0,167.0
170.0,89.0,166.0,166.0
446.0,91.0,164.0,164.0
226.0,96.0,159.0,159.0
44.0,100.0,155.0,155.0
630.0,101.0,154.0,154.0
361.0,102.0,153.0,153.0
512.0,102.0,153.0,153.0
88.0,103.0,152.0,152.0
629.0,103.0,152.0,152.0
461.0,103.0,152.0,152.0
769.0,104.0,151.0,151.0
247.0,106.0,149.0,149.0
615.0,106.0,149.0,149.0
662.0,107.0,148.0,148.0
224.0,108.0,147.0,147.0
545.0,108.0,147.0,147.0
774.0,108.0,147.0,147.0
213.0,109.0,146.0,146.0
697.0,109.0,146.0,146.0
728.0,110.0,145.0,145.0
334.0,111.0,144.0,144.0
72.0,111.0,144.0,144.0
212.0,111.0,144.0,144.0
515.0,111.0,144.0,144.0
216.0,112.0,143.0,143.0
362.0,113.0,142.0,142.0
740.0,113.0,142.0,142.0
797.0,113.0,142.0,142.0
592.0,113.0,142.0,142.0
71.0,113.0,142.0,142.0
616.0,113.0,142.0,142.0
180.0,113.0,142.0,142.0
166.0,114.0,141.0,141.0
231.0,115.0,140.0,140.0
257.0,115.0,140.0,140.0
685.0,115.0,140.0,140.0
732.0,116.0,139.0,139.0
454.0,116.0,139.0,139.0
562.0,117.0,138.0,138.0
368.0,117.0,138.0,138.0
393.0,117.0,138.0,138.0
723.0,118.0,137.0,137.0
279.0,118.0,137.0,137.0
30.0,119.0,136.0,136.0
316.0,119.0,136.0,136.0
783.0,119.0,136.0,136.0
183.0,121.0,134.0,134.0
46.0,121.0,134.0,134.0
112.0,121.0,134.0,134.0
425.0,121.0,134.0,134.0
197.0,122.0,133.0,133.0
733.0,122.0,133.0,133.0
433.0,123.0,132.0,132.0
39.0,123.0,132.0,132.0
707.0,124.0,131.0,131.0
329.0,124.0,131.0,131.0
490.0,125.0,130.0,130.0
4.0,125.0,130.0,130.0
688.0,125.0,130.0,130.0
148.0,126.0,129.0,129.0
64.0,126.0,129.0,129.0
402.0,127.0,128.0,128.0
500.0,127.0,128.0,128.0
734.0,128.0,127.0,127.0
704.0,128.0,127.0,127.0
331.0,130.0,125.0,125.0
746.0,130.0,125.0,125.0
217.0,131.0,124.0,124.0
380.0,133.0,122.0,122.0
459.0,133.0,122.0,122.0
15.0,134.0,121.0,121.0
175.0,134.0,121.0,121.0
193.0,135.0,120.0,120.0
344.0,135.0,120.0,120.0
77.0,135.0,120.0,120.0
36.0,135.0,120.0,120.0
566.0,135.0,120.0,120.0
111.0,136.0,119.0,119.0
86.0,137.0,118.0,118.0
603.0,137.0,118.0,118.0
162.0,138.0,117.0,117.0
432.0,138.0,117.0,117.0
647.0,139.0,116.0,116.0
90.0,139.0,116.0,116.0
557.0,139.0,116.0,116.0
474.0,139.0,116.0,116.0
200.0,139.0,116.0,116.0
481.0,139.0,116.0,116.0
386.0,140.0,115.0,115.0
394.0,141.0,114.0,114.0
550.0,142.0,113.0,113.0
752.0,144.0,111.0,111.0
449.0,144.0,111.0,111.0
105.0,145.0,110.0,110.0
618.0,146.0,109.0,109.0
326.0,147.0,108.0,108.0
45.0,149.0,106.0,106.0
754.0,149.0,106.0,106.0
486.0,149.0,106.0,106.0
104.0,150.0,105.0,105.0
248.0,151.0,104.0,104.0
249.0,152.0,103.0,103.0
401.0,153.0,102.0,102.0
632.0,154.0,101.0,101.0
333.0,154.0,101.0,101.0
58.0,154.0,101.0,101.0
415.0,154.0,101.0,101.0
194.0,156.0,99.0,99.0
315.0,157.0,98.0,98.0
674.0,158.0,97.0,97.0
590.0,158.0,97.0,97.0
423.0,159.0,96.0,96.0
259.0,160.0,95.0,95.0
37.0,160.0,95.0,95.0
683.0,160.0,95.0,95.0
62.0,161.0,94.0,94.0
177.0,161.0,94.0,94.0
663.0,161.0,94.0,94.0
255.0,162.0,93.0,93.0
646.0,163.0,92.0,92.0
749.0,165.0,90.0,90.0
337.0,165.0,90.0,90.0
487.0,165.0,90.0,90.0
726.0,165.0,90.0,90.0
729.0,166.0,89.0,89.0
8.0,166.0,89.0,89.0
589.0,166.0,89.0,89.0
80.0,167.0,88.0,88.0
781.0,168.0,87.0,87.0
399.0,169.0,86.0,86.0
715.0,170.0,85.0,85.0
305.0,170.0,85.0,85.0
113.0,171.0,84.0,84.0
404.0,173.0,82.0,82.0
311.0,174.0,81.0,81.0
612.0,180.0,75.0,75.0
567.0,181.0,74.0,74.0
98.0,182.0,73.0,73.0
693.0,185.0,70.0,70.0
319.0,185.0,70.0,70.0
466.0,186.0,69.0,69.0
705.0,188.0,67.0,67.0
118.0,188.0,67.0,67.0
389.0,189.0,66.0,66.0
38.0,194.0,61.0,61.0
439.0,195.0,60.0,60.0
665.0,196.0,59.0,59.0
97.0,197.0,58.0,58.0
686.0,198.0,57.0,57.0
643.0,199.0,56.0,56.0
649.0,200.0,55.0,55.0
600.0,201.0,54.0,54.0
103.0,204.0,51.0,51.0
540.0,204.0,51.0,51.0
568.0,211.0,44.0,44.0
798.0,214.0,41.0,41.0
687.0,222.0,33.0,33.0
504.0,223.0,32.0,32.0
518.0,228.0,27.0,27.0
270.0,231.0,24.0,24.0
498.0,242.0,13.0,13.0
358.0,242.0,13.0,13.0
146.0,243.0,12.0,12.0
42.0,245.0,10.0,10.0
411.0,255.0,0.0,0.0
190.0,128.0,128.0,128.0
785.0,128.0,128.0,128.0
3.0,128.0,128.0,128.0
787.0,128.0,128.0,128.0
23.0,128.0,128.0,128.0
26.0,128.0,128.0,128.0
27.0,128.0,128.0,128.0
28.0,128.0,128.0,128.0
18.0,128.0,128.0,128.0
31.0,128.0,128.0,128.0
32.0,128.0,128.0,128.0
791.0,128.0,128.0,128.0
69.0,128.0,128.0,128.0
75.0,128.0,128.0,128.0
76.0,128.0,128.0,128.0
81.0,128.0,128.0,128.0
83.0,128.0,128.0,128.0
5.0,128.0,128.0,128.0
87.0,128.0,128.0,128.0
181.0,128.0,128.0,128.0
89.0,128.0,128.0,128.0
95.0,128.0,128.0,128.0
99.0,128.0,128.0,128.0
43.0,128.0,128.0,128.0
107.0,128.0,128.0,128.0
109.0,128.0,128.0,128.0
48.0,128.0,128.0,128.0
203.0,128.0,128.0,128.0
50.0,128.0,128.0,128.0
115.0,128.0,128.0,128.0
116.0,128.0,128.0,128.0
51.0,128.0,128.0,128.0
123.0,128.0,128.0,128.0
124.0,128.0,128.0,128.0
125.0,128.0,128.0,128.0
126.0,128.0,128.0,128.0
128.0,128.0,128.0,128.0
129.0,128.0,128.0,128.0
130.0,128.0,128.0,128.0
131.0,128.0,128.0,128.0
159.0,128.0,128.0,128.0
173.0,128.0,128.0,128.0
41.0,128.0,128.0,128.0
191.0,128.0,128.0,128.0
225.0,128.0,128.0,128.0
262.0,128.0,128.0,128.0
263.0,128.0,128.0,128.0
56.0,128.0,128.0,128.0
684.0,128.0,128.0,128.0
155.0,128.0,128.0,128.0
320.0,128.0,128.0,128.0
158.0,128.0,128.0,128.0
323.0,128.0,128.0,128.0
325.0,128.0,128.0,128.0
328.0,128.0,128.0,128.0
160.0,128.0,128.0,128.0
330.0,128.0,128.0,128.0
161.0,128.0,128.0,128.0
335.0,128.0,128.0,128.0
339.0,128.0,128.0,128.0
340.0,128.0,128.0,128.0
341.0,128.0,128.0,128.0
349.0,128.0,128.0,128.0
355.0,128.0,128.0,128.0
356.0,128.0,128.0,128.0
167.0,128.0,128.0,128.0
360.0,128.0,128.0,128.0
778.0,128.0,128.0,128.0
363.0,128.0,128.0,128.0
366.0,128.0,128.0,128.0
367.0,128.0,128.0,128.0
369.0,128.0,128.0,128.0
371.0,128.0,128.0,128.0
373.0,128.0,128.0,128.0
376.0,128.0,128.0,128.0
379.0,128.0,128.0,128.0
381.0,128.0,128.0,128.0
382.0,128.0,128.0,128.0
387.0,128.0,128.0,128.0
388.0,128.0,128.0,128.0
182.0,128.0,128.0,128.0
390.0,128.0,128.0,128.0
391.0,128.0,128.0,128.0
132.0,128.0,128.0,128.0
396.0,128.0,128.0,128.0
397.0,128.0,128.0,128.0
398.0,128.0,128.0,128.0
403.0,128.0,128.0,128.0
188.0,128.0,128.0,128.0
408.0,128.0,128.0,128.0
409.0,128.0,128.0,128.0
410.0,128.0,128.0,128.0
412.0,128.0,128.0,128.0
413.0,128.0,128.0,128.0
416.0,128.0,128.0,128.0
417.0,128.0,128.0,128.0
424.0,128.0,128.0,128.0
306.0,128.0,128.0,128.0
428.0,128.0,128.0,128.0
436.0,128.0,128.0,128.0
440.0,128.0,128.0,128.0
443.0,128.0,128.0,128.0
445.0,128.0,128.0,128.0
451.0,128.0,128.0,128.0
202.0,128.0,128.0,128.0
457.0,128.0,128.0,128.0
458.0,128.0,128.0,128.0
464.0,128.0,128.0,128.0
465.0,128.0,128.0,128.0
469.0,128.0,128.0,128.0
472.0,128.0,128.0,128.0
206.0,128.0,128.0,128.0
475.0,128.0,128.0,128.0
476.0,128.0,128.0,128.0
478.0,128.0,128.0,128.0
479.0,128.0,128.0,128.0
211.0,128.0,128.0,128.0
485.0,128.0,128.0,128.0
488.0,128.0,128.0,128.0
215.0,128.0,128.0,128.0
494.0,128.0,128.0,128.0
495.0,128.0,128.0,128.0
499.0,128.0,128.0,128.0
502.0,128.0,128.0,128.0
505.0,128.0,128.0,128.0
506.0,128.0,128.0,128.0
507.0,128.0,128.0,128.0
229.0,128.0,128.0,128.0
513.0,128.0,128.0,128.0
514.0,128.0,128.0,128.0
516.0,128.0,128.0,128.0
519.0,128.0,128.0,128.0
521.0,128.0,128.0,128.0
529.0,128.0,128.0,128.0
537.0,128.0,128.0,128.0
538.0,128.0,128.0,128.0
539.0,128.0,128.0,128.0
544.0,128.0,128.0,128.0
546.0,128.0,128.0,128.0
547.0,128.0,128.0,128.0
549.0,128.0,128.0,128.0
551.0,128.0,128.0,128.0
554.0,128.0,128.0,128.0
555.0,128.0,128.0,128.0
252.0,128.0,128.0,128.0
558.0,128.0,128.0,128.0
561.0,128.0,128.0,128.0
564.0,128.0,128.0,128.0
258.0,128.0,128.0,128.0
572.0,128.0,128.0,128.0
573.0,128.0,128.0,128.0
576.0,128.0,128.0,128.0
580.0,128.0,128.0,128.0
582.0,128.0,128.0,128.0
587.0,128.0,128.0,128.0
588.0,128.0,128.0,128.0
265.0,128.0,128.0,128.0
268.0,128.0,128.0,128.0
593.0,128.0,128.0,128.0
596.0,128.0,128.0,128.0
598.0,128.0,128.0,128.0
272.0,128.0,128.0,128.0
602.0,128.0,128.0,128.0
689.0,128.0,128.0,128.0
690.0,128.0,128.0,128.0
698.0,128.0,128.0,128.0
709.0,128.0,128.0,128.0
711.0,128.0,128.0,128.0
712.0,128.0,128.0,128.0
714.0,128.0,128.0,128.0
718.0,128.0,128.0,128.0
721.0,128.0,128.0,128.0
35.0,128.0,128.0,128.0
730.0,128.0,128.0,128.0
731.0,128.0,128.0,128.0
742.0,128.0,128.0,128.0
743.0,128.0,128.0,128.0
744.0,128.0,128.0,128.0
163.0,128.0,128.0,128.0
750.0,128.0,128.0,128.0
751.0,128.0,128.0,128.0
164.0,128.0,128.0,128.0
756.0,128.0,128.0,128.0
758.0,128.0,128.0,128.0
760.0,128.0,128.0,128.0
761.0,128.0,128.0,128.0
762.0,128.0,128.0,128.0
765.0,128.0,128.0,128.0
768.0,128.0,128.0,128.0
772.0,128.0,128.0,128.0
784.0,128.0,128.0,128.0
789.0,128.0,128.0,128.0
792.0,128.0,128.0,128.0
793.0,128.0,128.0,128.0
2.0,128.0,128.0,128.0
7.0,128.0,128.0,128.0
10.0,128.0,128.0,128.0
16.0,128.0,128.0,128.0
19.0,128.0,128.0,128.0
20.0,128.0,128.0,128.0
25.0,128.0,128.0,128.0
29.0,128.0,128.0,128.0
176.0,128.0,128.0,128.0
40.0,128.0,128.0,128.0
179.0,128.0,128.0,128.0
70.0,128.0,128.0,128.0
74.0,128.0,128.0,128.0
84.0,128.0,128.0,128.0
85.0,128.0,128.0,128.0
92.0,128.0,128.0,128.0
96.0,128.0,128.0,128.0
108.0,128.0,128.0,128.0
117.0,128.0,128.0,128.0
141.0,128.0,128.0,128.0
142.0,128.0,128.0,128.0
145.0,128.0,128.0,128.0
184.0,128.0,128.0,128.0
156.0,128.0,128.0,128.0
187.0,128.0,128.0,128.0
199.0,128.0,128.0,128.0
185.0,128.0,128.0,128.0
219.0,128.0,128.0,128.0
222.0,128.0,128.0,128.0
233.0,128.0,128.0,128.0
235.0,128.0,128.0,128.0
238.0,128.0,128.0,128.0
241.0,128.0,128.0,128.0
242.0,128.0,128.0,128.0
189.0,128.0,128.0,128.0
254.0,128.0,128.0,128.0
260.0,128.0,128.0,128.0
267.0,128.0,128.0,128.0
275.0,128.0,128.0,128.0
281.0,128.0,128.0,128.0
284.0,128.0,128.0,128.0
287.0,128.0,128.0,128.0
192.0,128.0,128.0,128.0
292.0,128.0,128.0,128.0
299.0,128.0,128.0,128.0
310.0,128.0,128.0,128.0
317.0,128.0,128.0,128.0
327.0,128.0,128.0,128.0
196.0,128.0,128.0,128.0
347.0,128.0,128.0,128.0
350.0,128.0,128.0,128.0
359.0,128.0,128.0,128.0
364.0,128.0,128.0,128.0
365.0,128.0,128.0,128.0
372.0,128.0,128.0,128.0
374.0,128.0,128.0,128.0
375.0,128.0,128.0,128.0
377.0,128.0,128.0,128.0
385.0,128.0,128.0,128.0
420.0,128.0,128.0,128.0
421.0,128.0,128.0,128.0
422.0,128.0,128.0,128.0
427.0,128.0,128.0,128.0
435.0,128.0,128.0,128.0
438.0,128.0,128.0,128.0
205.0,128.0,128.0,128.0
441.0,128.0,128.0,128.0
442.0,128.0,128.0,128.0
448.0,128.0,128.0,128.0
450.0,128.0,128.0,128.0
455.0,128.0,128.0,128.0
456.0,128.0,128.0,128.0
209.0,128.0,128.0,128.0
470.0,128.0,128.0,128.0
477.0,128.0,128.0,128.0
503.0,128.0,128.0,128.0
508.0,128.0,128.0,128.0
524.0,128.0,128.0,128.0
214.0,128.0,128.0,128.0
530.0,128.0,128.0,128.0
533.0,128.0,128.0,128.0
534.0,128.0,128.0,128.0
541.0,128.0,128.0,128.0
542.0,128.0,128.0,128.0
543.0,128.0,128.0,128.0
548.0,128.0,128.0,128.0
218.0,128.0,128.0,128.0
579.0,128.0,128.0,128.0
583.0,128.0,128.0,128.0
586.0,128.0,128.0,128.0
594.0,128.0,128.0,128.0
597.0,128.0,128.0,128.0
601.0,128.0,128.0,128.0
609.0,128.0,128.0,128.0
613.0,128.0,128.0,128.0
620.0,128.0,128.0,128.0
625.0,128.0,128.0,128.0
631.0,128.0,128.0,128.0
638.0,128.0,128.0,128.0
639.0,128.0,128.0,128.0
230.0,128.0,128.0,128.0
232.0,128.0,128.0,128.0
1.0,128.0,128.0,128.0
6.0,128.0,128.0,128.0
9.0,128.0,128.0,128.0
11.0,128.0,128.0,128.0
12.0,128.0,128.0,128.0
13.0,128.0,128.0,128.0
14.0,128.0,128.0,128.0
17.0,128.0,128.0,128.0
21.0,128.0,128.0,128.0
22.0,128.0,128.0,128.0
24.0,128.0,128.0,128.0
33.0,128.0,128.0,128.0
34.0,128.0,128.0,128.0
47.0,128.0,128.0,128.0
49.0,128.0,128.0,128.0
52.0,128.0,128.0,128.0
53.0,128.0,128.0,128.0
54.0,128.0,128.0,128.0
55.0,128.0,128.0,128.0
57.0,128.0,128.0,128.0
59.0,128.0,128.0,128.0
60.0,128.0,128.0,128.0
61.0,128.0,128.0,128.0
63.0,128.0,128.0,128.0
65.0,128.0,128.0,128.0
66.0,128.0,128.0,128.0
67.0,128.0,128.0,128.0
68.0,128.0,128.0,128.0
73.0,128.0,128.0,128.0
78.0,128.0,128.0,128.0
79.0,128.0,128.0,128.0
82.0,128.0,128.0,128.0
91.0,128.0,128.0,128.0
100.0,128.0,128.0,128.0
101.0,128.0,128.0,128.0
102.0,128.0,128.0,128.0
106.0,128.0,128.0,128.0
110.0,128.0,128.0,128.0
119.0,128.0,128.0,128.0
120.0,128.0,128.0,128.0
121.0,128.0,128.0,128.0
122.0,128.0,128.0,128.0
127.0,128.0,128.0,128.0
133.0,128.0,128.0,128.0
134.0,128.0,128.0,128.0
135.0,128.0,128.0,128.0
136.0,128.0,128.0,128.0
137.0,128.0,128.0,128.0
139.0,128.0,128.0,128.0
140.0,128.0,128.0,128.0
143.0,128.0,128.0,128.0
144.0,128.0,128.0,128.0
147.0,128.0,128.0,128.0
149.0,128.0,128.0,128.0
150.0,128.0,128.0,128.0
151.0,128.0,128.0,128.0
152.0,128.0,128.0,128.0
153.0,128.0,128.0,128.0
154.0,128.0,128.0,128.0
157.0,128.0,128.0,128.0
165.0,128.0,128.0,128.0
171.0,128.0,128.0,128.0
172.0,128.0,128.0,128.0
174.0,128.0,128.0,128.0
178.0,128.0,128.0,128.0
195.0,128.0,128.0,128.0
198.0,128.0,128.0,128.0
207.0,128.0,128.0,128.0
208.0,128.0,128.0,128.0
210.0,128.0,128.0,128.0
220.0,128.0,128.0,128.0
221.0,128.0,128.0,128.0
227.0,128.0,128.0,128.0
228.0,128.0,128.0,128.0
234.0,128.0,128.0,128.0
236.0,128.0,128.0,128.0
237.0,128.0,128.0,128.0
239.0,128.0,128.0,128.0
240.0,128.0,128.0,128.0
244.0,128.0,128.0,128.0
246.0,128.0,128.0,128.0
250.0,128.0,128.0,128.0
251.0,128.0,128.0,128.0
253.0,128.0,128.0,128.0
256.0,128.0,128.0,128.0
261.0,128.0,128.0,128.0
264.0,128.0,128.0,128.0
266.0,128.0,128.0,128.0
269.0,128.0,128.0,128.0
271.0,128.0,128.0,128.0
273.0,128.0,128.0,128.0
274.0,128.0,128.0,128.0
276.0,128.0,128.0,128.0
277.0,128.0,128.0,128.0
278.0,128.0,128.0,128.0
280.0,128.0,128.0,128.0
282.0,128.0,128.0,128.0
283.0,128.0,128.0,128.0
285.0,128.0,128.0,128.0
286.0,128.0,128.0,128.0
288.0,128.0,128.0,128.0
289.0,128.0,128.0,128.0
290.0,128.0,128.0,128.0
293.0,128.0,128.0,128.0
294.0,128.0,128.0,128.0
295.0,128.0,128.0,128.0
296.0,128.0,128.0,128.0
297.0,128.0,128.0,128.0
298.0,128.0,128.0,128.0
300.0,128.0,128.0,128.0
301.0,128.0,128.0,128.0
303.0,128.0,128.0,128.0
304.0,128.0,128.0,128.0
307.0,128.0,128.0,128.0
308.0,128.0,128.0,128.0
309.0,128.0,128.0,128.0
312.0,128.0,128.0,128.0
314.0,128.0,128.0,128.0
318.0,128.0,128.0,128.0
322.0,128.0,128.0,128.0
324.0,128.0,128.0,128.0
332.0,128.0,128.0,128.0
336.0,128.0,128.0,128.0
338.0,128.0,128.0,128.0
342.0,128.0,128.0,128.0
343.0,128.0,128.0,128.0
345.0,128.0,128.0,128.0
346.0,128.0,128.0,128.0
348.0,128.0,128.0,128.0
351.0,128.0,128.0,128.0
352.0,128.0,128.0,128.0
353.0,128.0,128.0,128.0
354.0,128.0,128.0,128.0
357.0,128.0,128.0,128.0
370.0,128.0,128.0,128.0
378.0,128.0,128.0,128.0
383.0,128.0,128.0,128.0
384.0,128.0,128.0,128.0
392.0,128.0,128.0,128.0
395.0,128.0,128.0,128.0
400.0,128.0,128.0,128.0
405.0,128.0,128.0,128.0
407.0,128.0,128.0,128.0
414.0,128.0,128.0,128.0
418.0,128.0,128.0,128.0
419.0,128.0,128.0,128.0
426.0,128.0,128.0,128.0
429.0,128.0,128.0,128.0
430.0,128.0,128.0,128.0
431.0,128.0,128.0,128.0
434.0,128.0,128.0,128.0
437.0,128.0,128.0,128.0
444.0,128.0,128.0,128.0
447.0,128.0,128.0,128.0
452.0,128.0,128.0,128.0
453.0,128.0,128.0,128.0
460.0,128.0,128.0,128.0
462.0,128.0,128.0,128.0
463.0,128.0,128.0,128.0
467.0,128.0,128.0,128.0
468.0,128.0,128.0,128.0
471.0,128.0,128.0,128.0
473.0,128.0,128.0,128.0
480.0,128.0,128.0,128.0
483.0,128.0,128.0,128.0
489.0,128.0,128.0,128.0
492.0,128.0,128.0,128.0
493.0,128.0,128.0,128.0
496.0,128.0,128.0,128.0
497.0,128.0,128.0,128.0
501.0,128.0,128.0,128.0
509.0,128.0,128.0,128.0
510.0,128.0,128.0,128.0
511.0,128.0,128.0,128.0
517.0,128.0,128.0,128.0
520.0,128.0,128.0,128.0
522.0,128.0,128.0,128.0
523.0,128.0,128.0,128.0
526.0,128.0,128.0,128.0
527.0,128.0,128.0,128.0
528.0,128.0,128.0,128.0
531.0,128.0,128.0,128.0
532.0,128.0,128.0,128.0
535.0,128.0,128.0,128.0
536.0,128.0,128.0,128.0
552.0,128.0,128.0,128.0
553.0,128.0,128.0,128.0
556.0,128.0,128.0,128.0
559.0,128.0,128.0,128.0
560.0,128.0,128.0,128.0
563.0,128.0,128.0,128.0
565.0,128.0,128.0,128.0
569.0,128.0,128.0,128.0
574.0,128.0,128.0,128.0
575.0,128.0,128.0,128.0
577.0,128.0,128.0,128.0
578.0,128.0,128.0,128.0
581.0,128.0,128.0,128.0
584.0,128.0,128.0,128.0
585.0,128.0,128.0,128.0
591.0,128.0,128.0,128.0
595.0,128.0,128.0,128.0
599.0,128.0,128.0,128.0
604.0,128.0,128.0,128.0
605.0,128.0,128.0,128.0
607.0,128.0,128.0,128.0
608.0,128.0,128.0,128.0
610.0,128.0,128.0,128.0
611.0,128.0,128.0,128.0
614.0,128.0,128.0,128.0
617.0,128.0,128.0,128.0
619.0,128.0,128.0,128.0
621.0,128.0,128.0,128.0
622.0,128.0,128.0,128.0
623.0,128.0,128.0,128.0
624.0,128.0,128.0,128.0
626.0,128.0,128.0,128.0
627.0,128.0,128.0,128.0
628.0,128.0,128.0,128.0
634.0,128.0,128.0,128.0
635.0,128.0,128.0,128.0
636.0,128.0,128.0,128.0
637.0,128.0,128.0,128.0
640.0,128.0,128.0,128.0
641.0,128.0,128.0,128.0
642.0,128.0,128.0,128.0
650.0,128.0,128.0,128.0
651.0,128.0,128.0,128.0
652.0,128.0,128.0,128.0
653.0,128.0,128.0,128.0
654.0,128.0,128.0,128.0
655.0,128.0,128.0,128.0
656.0,128.0,128.0,128.0
657.0,128.0,128.0,128.0
660.0,128.0,128.0,128.0
661.0,128.0,128.0,128.0
664.0,128.0,128.0,128.0
666.0,128.0,128.0,128.0
667.0,128.0,128.0,128.0
668.0,128.0,128.0,128.0
669.0,128.0,128.0,128.0
670.0,128.0,128.0,128.0
671.0,128.0,128.0,128.0
672.0,128.0,128.0,128.0
675.0,128.0,128.0,128.0
676.0,128.0,128.0,128.0
677.0,128.0,128.0,128.0
678.0,128.0,128.0,128.0
679.0,128.0,128.0,128.0
680.0,128.0,128.0,128.0
681.0,128.0,128.0,128.0
682.0,128.0,128.0,128.0
691.0,128.0,128.0,128.0
692.0,128.0,128.0,128.0
694.0,128.0,128.0,128.0
695.0,128.0,128.0,128.0
696.0,128.0,128.0,128.0
699.0,128.0,128.0,128.0
700.0,128.0,128.0,128.0
701.0,128.0,128.0,128.0
702.0,128.0,128.0,128.0
703.0,128.0,128.0,128.0
706.0,128.0,128.0,128.0
708.0,128.0,128.0,128.0
710.0,128.0,128.0,128.0
713.0,128.0,128.0,128.0
716.0,128.0,128.0,128.0
717.0,128.0,128.0,128.0
719.0,128.0,128.0,128.0
724.0,128.0,128.0,128.0
725.0,128.0,128.0,128.0
727.0,128.0,128.0,128.0
735.0,128.0,128.0,128.0
736.0,128.0,128.0,128.0
737.0,128.0,128.0,128.0
738.0,128.0,128.0,128.0
739.0,128.0,128.0,128.0
745.0,128.0,128.0,128.0
747.0,128.0,128.0,128.0
748.0,128.0,128.0,128.0
753.0,128.0,128.0,128.0
755.0,128.0,128.0,128.0
757.0,128.0,128.0,128.0
759.0,128.0,128.0,128.0
763.0,128.0,128.0,128.0
766.0,128.0,128.0,128.0
767.0,128.0,128.0,128.0
770.0,128.0,128.0,128.0
773.0,128.0,128.0,128.0
775.0,128.0,128.0,128.0
776.0,128.0,128.0,128.0
777.0,128.0,128.0,128.0
779.0,128.0,128.0,128.0
782.0,128.0,128.0,128.0
786.0,128.0,128.0,128.0
790.0,128.0,128.0,128.0
794.0,128.0,128.0,128.0
795.0,128.0,128.0,128.0
796.0,128.0,128.0,128.0
799.0,128.0,128.0,128.0
